$ANSIBLE_VAULT;1.1;AES256
37386136366166353966346639373363643931316265376238616439323365353763353139636334
6538393238306133653365643138616465303033353961340a306334356630366132313933633232
66306432373238393930303331383334373232616565663339373063633838323739306265653938
6634393233376163380a396664306165366135376664333336303465313338323465386334616532
62306333386463646435646332333934306231386133343135626137663430353739303266663762
35383931343836393262306566326532393261653063663333646532343034663665323736316136
37376532643435333961386663373762353364656631633734333232386462333437336439336562
37343536323864306166653735633062626234363033643865373661373661316238623135383730
63393538636262383866366362653531386439363666303162663133333566373438333963613864
32303131333865653362333333323532383661336132303334353331373637306562663835613361
31393533383766346432393265653538363734643633396463376530363435633837656332636564
35636664663832313431366331393239386665303839316234353666343030636639336630333536
31323366366366313732663233383739656435636331356237313363643133393433623064393439
37343461366662373762613339373132356661333239336365656635306438613738643461316136
65633836653434393961336465636432373632346265353030643035393662613638363630303838
39326531633034646562326162616363336665623033323537663232346462333539303935323033
32613565633934666530633833346265383563303235333030633563633633633335323363623735
61613439363032663266346538323465356562376163373036633533333733336464386461323333
37393565333363353937616662666566306565353636343733343462643335633366613565333130
33356633383139313562646662663033633862323265643036643963653035623837353362393237
66353533323837643438623766343564313361393165396235303166376637363334386239333964
34383063393463393332616137353131343436333437393832316231356339353135353563373762
62636637656431653463376533323766636535343930393831653736306231303664363430336361
64373634653939646235313830363434383637666564303734363339393964393238373833306161
36623839636533376461656535353663326131636665633835343237613130333566383830623933
34623537616434353930646166346466396130613338663462626534336539376232363665333565
63386562663232323233626439373539616637383433363261396138343734326635313530653736
32636135376461613865636638643238646130333761623735326338643531333730363034343563
61333964386339326636633536653130376138376534323039303539373339653766373561643364
32623030346139333862623431376633653164653764626463363265666564646439653862303766
66326536346130353064303139306563376361303932623336636261303231373064653639343533
61623333373664333365393465336565643138326335376262326362333165333538386163666330
35643234623762306434663966663565386561396361643332353265373162353962616633376232
32633436346264356664666461313631666662616463393461386530643836663963316636303831
39613333613839343938653464623530326331343637373731323063356439343038653736663165
64343862653133663737343437363435396462363039613532323730333863386465643663613532
39326231666565356261626135323735623937326134346134616363343563313231313362613863
39663437333361386530386437363832363762306639373865393239373930363735633264633932
37356632313163313564663631643165396536386435366332363734666439303364653966383631
38313962353761353064366237303766366133323935323663343131366531666233356164303434
38383964343531383764613733323431636233636139356263333130376261386432346565303665
6465303937303135653764313133356464366338386562333930
