$ANSIBLE_VAULT;1.1;AES256
34346663386665643335663132616261353061333639373039396333353566306432386263393663
6334326137643036386130363534333335643264336463350a623537366664373130653763373830
31363235663932343964386464383664613863663532613930656633373365343463626139613330
6137396530306233640a623134393936656464343334616261326363633739653331313431633439
39363363393438643362383335386637393638663536383435613737366339613662616235393232
34383362353262353130663262313164623130323535663832313337386139396666383864323039
66663130393865333035646139393361616537326337333062623864353764326363313764376332
35386433326166373262316133313135323135343634383035613539653131633537323938633834
36623261343765636132353735363937653863626361383161613465396235666162383433633565
32616664306337333335336337316563666266353163373465366139303932646266386364343231
37376162336365383339653735366264356535333931636335656463373063613531383133333865
32633639386138353031383032343833326634303336346261396437633765623137653138343930
39663364346637656233663562663364373665383332353539636566643563663632383635313532
37316537346666353562663464663736663439353565363437383139313333633965363434316130
37383836373064316434643633313932386564393837373430623065663538383734333261316539
39333664623039383365316264353330633234316535663030333666646638383362646465663338
64623630636564633734313663663164353138343763323737373763393836613737353366303364
64663630333039393134376164346431643165353836316466343565323832323838666365616633
38656264326438356539343039363633353738306362626330613939346164333832636639336532
32633162373230646638323465353561356365646334316331393231323661386562613332393631
62363663343361373230616433633265653239333230383566303130386132366332336237323532
30666339323237333636306134363064353532323034343834323033636432653435633238353865
30333631313835663338633035313532376338613830363439646235383534356435313439633065
31373362643535633239353034323033383164303762346235623538316137646361333236333836
37633665306431343131633066373037313762616663653731373566343434643936613663376465
63623335393231326337363735663630613665333339326430373365626466396333353631613562
30643664323333656434353061663463613931653837333831633930633963626334613262363138
64663662383065323834373238343536663933336132323435336538306134363364303931393333
35363336333638346139613631363537663361363631303433613539386637306231666530356665
61393835396465626632626434393461613238303332346438306665313965616530336465303437
64626364333062336433626532313636663531366133396663646566336133313135663262363230
66663361383865383639303237393430343531343966333530396132323963613836366463646539
62333563666339333537623165623131376237383839633833353134623661616637343132306638
66643735353664376465663237336631323663363666386666326363646363386362326362313631
62626330363435393838326364323966383765323332646238313732313330303833643363336238
61626464636163316138666131313738353263616565326333613866313734303564396162663630
30663237333135363136386130353462313966383532616431393765623564313062396333666266
66653731346331663234383663333534626236343537653138613466363232666638356133366464
61313236313839313832323363623232386466373838363934623363646237373839303033383935
32633534333861303232313830616266626430303363306233306335393137663930316636653065
62363365333764613963303039343533366539306237643061323066623837366435666165616164
3966386363653835623130333732626263646566656134326138
