$ANSIBLE_VAULT;1.1;AES256
31313165386630313535326535376164356238346334623866326537313765613338656431646131
6162666464303935373664396165336164393363636463370a623036653638313833306463333231
39633838383330643834643839346335393231636463326263643231616564353234383138643361
3135633436323837640a303039343862316662306136626632343734323565336335653963333433
38343661366435316133313833663835366361303230616361646561633635376634326163363965
37383339373534643261663231326236626362653539343935396463656264666136383136343434
38333263373238383137613036316231363434393061643865396539323263383239323264343063
32333734353764316664373031353564643762363565656437613366356561353066393238356339
66346664633161656530663362336236613766376134313163316463356634643337326661363237
39643964313135623463663331656535363030633239636462333966616438626634373466656337
34346566303864386334643165366662356632353134386338376462303737666163656533323261
65316632346564386263343136313130633234383936656332623438663033343461306665623032
39393039313130323832376162343032633437353830323532303766376432376239633336306266
37633761396331633462343161656661643030363536646430366333383766323563656166373363
33386535663733373763383536376536333962623966623238366635303263666339653937316463
38366362343163303039663739353933653238613662396465343938386131343936356539313532
66346661346664316136616237313536336536346266363562616561653739346638316662353862
32383837663432353339353730333633376665336632393461663535646664303330323137353266
62333933356332333139313031303239353736643131393330373965366665373762393335336363
66386637656135363630343230366562333466376537373836333635323132653836666538373230
62303635343235336534353237326231393631663733363939336235306139313563656562346262
34303230306362356634326165383462346135353862643431663733333335633164333866323036
62613137626464626163626262633761636161356661663365333135363930396532376432663831
39613532343938623237396236633662303535373935643930303362346636373939353739313632
61366433396134316562383566303761303861616534336432333062626636653037353165353937
35333934383761613832656663636133376330396164663134393132663133656266633633663534
62396237326339366630623538613565366364393437623532336638393136353338323739343730
34386133306139653634363836646133343464616165386265303161396635373761343636333232
32633265393431616338666134623566653939323862653830653539383364383261653762346434
64386536346137373638663762336235396634336530336636306663373964613439363835383866
37636533313836616439316230346161313462383966353536383135613063386339343733633836
39393764336232616631333764616238313562653366633365616432316264376666366163393735
36626566363462306531393435393332303331316330353836633332643965393038323263306132
30663938633831313463653761303161616230633535383638366131626531633331323834656661
36653233613462306665366461396235306164336265636366626463383231653663393566396262
30396164323963643035343238333336306432383936396261653266373361623733613665663039
62343230316536643865366235653865653738386363393066623833663266373337316233336661
33346231323734333539653365343738303339616161363961376139653734373963663432303536
61376632633036383936653734633664333833353866373536626164626237626539653031316535
66633166303537396435323134613361373336333264353133393163373566363837623563326365
39636465303639303336373839323262376236353134636331613735386631343964343962373237
3666633139366462643835303437386139646533303864373639
