$ANSIBLE_VAULT;1.1;AES256
39383763333337343332356161386631623832393038353566316433626362656133326438623537
3239666331343035353263373563366265366439343866350a653264656236373865393761623333
31326162313338393332636262393637326263613761636632643531623961363230653761643966
3936326637363864360a313239306662386238653431623666363334643530386435306237663262
39643138336237653934653461653563643739633561623739363232373831333938646132343937
63333138363732343333633663396562323165636262373735633365623035396533653163653939
35356432333363306463313233353164313065396435646531653536666163636137393737353439
65386134313962323436306439653562653263633763643330393330363161343334613430333564
33626333626665626465643635633538663761333439363762366562373063616533633263366339
63663763356266306166646435653466663236666636346339363962623432343432663235356265
33656161376436386236663061616463393130623966373036616238313734656363306465616534
33393938393164376364333439626539333837363036343231353234383933333661373133643163
38393533633437383365616332383764633338383136316166323663616161643439616337333534
32333733666165396566636632653935623364666462323138303339363433333262303933626562
363766366539306630623730633237333435
