$ANSIBLE_VAULT;1.1;AES256
38376130646131633533633533303737343765313439616461353034636130303736626664303561
3032326436616163643464623838653739653266646632330a383165326636373562353362646364
30343036373464376366396536383435623638613163326334346662633239313265666234646265
3738623765336332350a343031623866313239633062316336356439323338663431666461666536
39663266643839636332626163663939386166323464613364323965663866373066356234366166
66346666653039323866353538393862323435333334366666313635316137653365656239663035
30353064643465636663613865313235663466663462303532343530633265666664616264656166
36663832353463343062313830613363346166363938313033336666633331326235363462363634
39633837626239353731636230623361366435326230323330616463633162313461306462356164
64363731646134356533656433336234343166373934393664646633643638363732623161326639
39363262396164366635653830366164643266316433646236653535613963333632663966383536
33656665366636303834626161643035613135393833366164303334646432666234363433393366
31383934373964363834353436386430393239303735353464333931386238653439616661653835
65313231346431643362663530663939633362316533613561323632393739653430663936366531
38643131393632363435626561623639393032343032383764366234383335326139636433383530
37636637666364386262333039396433386230633439616433366133333564646539666238346561
30396561303130663766653163666437323865333766376334633165366364376263653263363538
61363235663862336136373939623636316232356139393363626261393433333731663363373864
35306663373563346530633930303461376563313764336239323139633439383633616333303337
32653938326466656265306331653063373764316530376132636263323665326635316535383762
35633332336338343739306161316266343037343330653131383339393663633561386632653962
39326338366432373461653337663039306632306233616563653561363133313464643031373162
39663736613038343839616138666537653263353533366166623035303437633461333731633131
36303630663832373238323038643265653535623963343465313561613366343738626337643163
30633532653235316330336238616430313532306132656464306536303734663137346631393334
36633362643037633961393432626334623762636137656336643934353230336662373130373662
63633265646538626237356436383738336235623063306363663065623839356138343461373763
39323063376362386562396536336534346537343838643333373530376636613636613534656563
32643365303962363530333234313762663161616461653430666231643637356562393064643435
37643234373363646337346639353131376238326665623864326164653961646630343936623938
37643637386631636433313561653838353263333730666230376637313665323863323361313665
34613064383335363332333162313665623832313963653836373230343535613631373431303237
31306439613730386261366663616362353163353137336536353766653139636537663761363331
32623632363339363038363363323034623834393532386635636563653465636265373638643035
31336461303239303266393532386662663635366363316135393431326262393233343861343933
65376337303638316438303533303335373262323064383765353564333232303734333662396237
35336463333133636335323763616263653066363036353638653032386236613136393861326662
38306134666465656563333839383362323265613630326665653136383235386664346332353162
39343434363039373164396539383439326235303462366339393739656630316462643439303662
34306338633761396330313464633363363164316436616137303264376233396162623566626636
32326163363635333434616135386338353736393863316635386230323361333366616164656264
6265316539306365353064393063356565316666366661386166
