$ANSIBLE_VAULT;1.1;AES256
61313264333534383765313132313966336534353938316465643930303266653237643531653666
6135643237363639336137666566613531376132323364370a636532386565623361636638353839
34356137663732663935623334386361353338356539313038373864333164643233326366653934
3032666636613830640a656537666461366139376530616435653735333235373135393336386336
63363163333565666230643436613533613964343538356333316661336133333366393435353066
39346635306365636431633766653833333931333639336265396264376233323337366363343833
30303163363532666333656438373438363336656561656138623134633165303635383064326136
39646264343738633037393863663836376435366262343235666437353234393938636166303766
62313030366533363533343562633439356364623061303338363435383039616132303934396532
30643738346163623837623535386631633063623933366636646137376138646536366463636562
62383936313162626432356534326363373766633363396536396266633236346439623365366466
34653562336233383964316166643038323363353636613062363962366432323435313631376632
35346334353631313264643761613030666136646563626639626537616235663332653035616363
64373336373134633664616539393263376339313863653936313763373232373534316137393830
66643365366530666238313039393630383865623230623337616432303039356630623436643734
39353437306465666162333765356566633938346665363435313631353166343234633664333835
30343736356332653435613765373934336562316236306435666334363666346130303035636333
65333965626636333032363062633238336565303464613762663732393839396164373130663964
36613237353831363465313130373732313132386133633733653936623534646661333964643933
37396665656564653536616233383462383563656366333438373335356531336531623663326236
32356262613465613638626166373836653163333464643166396661346465633864653862396661
36353965623864386466366434656533313432316362613564366465613964383830326538636136
31356562313261393033663132663336616366303132633339623961663462336339356430323161
32396531613339306262383462373263356564363766353630303565646161343566646666643761
66616137623037633436653235613365346635633135653438626335343639633566633933393362
66623432633165366231663936356662653661613938346538393636353734323234616465633535
34393164653535376161373133303331613966613733336463636330323134373361303765613263
30373538353135646362666434653232393434643831613363663464353631303832323033653765
61653138306563316162636334363837313830363365613335383232656136363162613739316537
66306466393061616530366334613239666239376538363536613861393437303231636436343832
63376466636638363332303261323662373662353262366130643532343439623365363437356461
38373037316137363566376236663531306537306366633164653334376230393064643232363236
36356563643262316363326163353162356533326636363865663636383134383739333233666337
64646164626463313734333064666335323265663533366635313637643634653666626364313231
61333861363331376437303236633462366237326663353463353435326466313666336265333864
31626130373866306565373831386263383433613534316463633236373661656532393261313935
32393663336431656463306433396236393032663130333338653835353233376434623833303962
64303037386662316630373661666662646465653434376661323761666362303164363436323331
64336363623232636138663338663033366238383765306630653735353665346335383664373838
36616166626431633564386635373333343861356536343361393035336366636365376665613566
65373066323537633862346635386162613837323934343730336231633165616231393965663530
3033343234633532396263323266363139663634643430363864
