$ANSIBLE_VAULT;1.1;AES256
65393866346438323035313866396263636264303964396634333832626162663337313061303137
6462353036666263333934376662386330336639313266320a636435616130303535376430346531
64323032656266303766663865643464613730383439643832343530323633396438303931323834
3639303662363939630a386635326464326261303435626231303561376235646632646531636632
39623961333737643837653836316236653135616464306638393031356535353830643764613832
38633639663133666364633563616334343830383338663331623661316133313938653231323138
30383663353232326562396264393361623031663464663430653333666461396135653437313633
63626238356365366464373237363966616166323461373462326132353935303565643035653864
64336665623839653138313133373036333933383537323334616631613330363632303362363634
34333864346361613730613631343963666238393831393035656462666663363463643337366461
62626162616533383463323662306464643235663263353033636565653664373961633062363064
66663734393536316234333165396230316134616639306566383632393137623436653038313963
35313763633739656239393037666461303437336631663535363032326565333161323537653837
65383465616230663637653638653062386566373165373038323364383662313561646135623430
36383662613238643536623262366638376536663565303530663864356565306630633565386664
36653137303765666534623462393539306436633339663931343132633339653565383461333166
32353237343634336338386461396463306639626564343735666438333565653666373739353532
31376565383763653163383661303630633139343239376463393631656239303864373463653239
30623832323265303130626463643461663535633063616337636335363130646634643734356663
39363937313637396431363166353265323036376563386232353736376263376235323233623066
31376264623261613630383838303136626366666435396361353837616438356130623031313031
35666366393935366665613934616464326139323633303238623036623664333037316234303463
32346632343631356537326331333937323337623764396235376234626439376534306133333231
36316131623062356363633665636430353637363865353961376666376137663664623332633239
33653863346662353465653230393166363966666238376266666631613636343030303339366230
66396535343038323738633862376637633133613132626536306230663339356335336139323638
37336339363330393136383432313263386239333162386135633835653833666263383133313564
31653736393835303439373536333836306534306565653634326230393732333864323361333663
63636435666233393161633562666633646366376432363230626138633066316232376432346139
34353864313835383731386333643538653434313438353562316237343663363636326463386538
30633765386630373965386539383161666539303462323565636333396335356562326534656338
37386266313233306533363566393366343337313163326331643236636534333336373466316333
65653761656534376538353138643036613964376164626633663633666338373663303631626636
39323330393835323936623133306632623364306363353230646538623332646138663535623566
30366261313130396363396135303763363732303962303766383830666339303133333566356137
64663539623332363933636164616163653638333332313531346361363166366363396162333666
64396532663665393863613762326330656162313233343130353361656631336265613538363933
64303461353366623164393166323335353638633736313361626266613361356332633330363036
62313639616266336338613762366436613530636133326131626638656539656634303361346362
39656139363639363064613232303864316338306564616666386562656466333361353238313633
34303136346161313234646536356335643163333638373764363065656635633063636535353532
6533616565636630646634623931636431653465656361313961
